48
100
100
0
50
0.603015 0.706778 0.934996 1.1774 -0.128391 0.302774 0.133091 -0.304727 0.0666219 -0.0284738 -0.249794 -0.359905 -0.765313 1.92492 0.331675 -0.779473 -0.583911 0.448775 0.82461 -0.98175 1.06833 1.6397 0.707755 0.653279 -0.357158 0.344584 -0.948668 -0.782098 -0.539903 -0.498215 0.352763 0.12598 -0.827693 1.47618 0.0729088 0.379498 0.819941 0.00686669 0.269417 0.149235 -0.969481 0.088931 1.5866 -0.951231 0.7528 0.372356 0.607166 1.24174 0.331095 0.0703452 
600 300 1141 253 91 434
0
50
0.603015 0.481979 0.587329 0.818232 0.366131 0.355083 -0.573351 -0.375774 -0.42552 0.937162 -0.249794 -0.359905 -0.765313 -0.924924 0.668325 -0.722282 0.973754 0.448775 1.22849 -0.750053 1.06833 1.6397 0.707755 0.346721 -0.357158 0.344584 1.94867 1.7821 0.70568 -0.0218207 0.352763 0.452864 0.450667 1.20756 0.0729088 -0.228858 0.518845 0.417524 0.730583 0.149235 -0.969481 0.088931 1.5866 -0.951231 0.7528 0.372356 0.607166 -0.241737 0.331095 0.0703452 
600 300 1141 253 91 434
0
50
1.27836 0.481979 0.587329 0.818232 -0.128391 0.302774 0.133091 1.30473 -0.42552 0.937162 -0.249794 -0.359905 -0.765313 -0.924924 0.668325 -0.779473 -0.583911 0.448775 0.82461 1.49663 0.883602 -0.516526 -0.517747 -0.889401 0.529954 0.822749 0.099002 0.0288094 0.782159 0.540757 -0.491684 0.452864 0.450667 -0.207556 0.0729088 0.379498 0.819941 0.00686669 0.154759 -0.452193 -0.0835902 0.088931 1.5866 -0.951231 0.7528 0.372356 0.607166 -0.241737 0.331095 0.0703452 
600 300 1141 253 91 434
0
50
1.27836 0.481979 0.587329 0.818232 -0.128391 0.302774 0.133091 1.30473 -0.42552 0.937162 -0.249794 -0.359905 -0.765313 -0.924924 0.668325 -0.779473 -0.583911 0.448775 0.82461 1.49663 0.883602 -0.516526 -0.517747 -0.889401 0.529954 0.822749 0.099002 0.0288094 0.782159 0.540757 -0.491684 0.452864 0.450667 -0.207556 0.0729088 0.379498 0.819941 0.00686669 0.154759 -0.452193 -0.0835902 0.088931 1.5866 -0.951231 0.7528 0.372356 0.607166 -0.241737 0.331095 0.0703452 
600 300 1141 253 91 434
0
50
-0.278359 0.481979 0.587329 0.818232 -0.128391 0.302774 0.866909 -0.304727 -0.42552 1.27354 0.606769 1.3599 -0.765313 0.0799279 1.34696 0.379894 0.973754 0.448775 1.22849 -0.750053 1.06833 1.6397 0.707755 0.346721 -0.357158 0.344584 1.94867 -0.782098 0.70568 -0.0218207 0.141179 0.12598 -0.827693 0.666494 -0.139927 -0.228858 0.819941 0.229225 0.730583 0.850765 -0.969481 -0.36906 -0.872005 0.286843 -0.448408 0.0882596 0.242195 -0.228187 -0.584887 0.939757 
600 300 1141 253 91 434
0
50
0.22956 0.893674 0.504074 0.133763 -0.128391 0.302774 0.866909 -0.304727 -0.42552 0.937162 -0.249794 -0.359905 0.886898 1.92492 0.668325 -0.779473 -0.583911 0.448775 -0.436934 -0.496628 0.883602 0.146428 0.470748 0.462508 0.682913 0.257973 1.94867 -0.782098 0.70568 -0.0218207 0.858821 0.547136 0.852596 0.743278 -0.139927 -0.228858 0.819941 0.00686669 0.730583 0.850765 -0.969481 -0.36906 -0.872005 -0.41142 -0.188269 -0.245155 0.392834 -0.241737 0.331095 0.0703452 
600 300 1141 253 91 434
0
50
0.396985 0.706778 0.934996 1.1774 -0.128391 0.302774 0.133091 -0.304727 0.0666219 0.937162 -0.249794 -0.359905 -0.765313 -0.924924 0.668325 -0.722282 0.973754 0.448775 1.22849 -0.750053 1.06833 1.6397 0.707755 0.346721 -0.357158 0.344584 1.94867 1.7821 0.70568 -0.0218207 0.352763 0.452864 0.450667 1.20756 0.0729088 -0.228858 0.518845 0.417524 0.730583 0.149235 -0.969481 0.088931 1.5866 -0.951231 0.7528 0.372356 0.607166 -0.241737 0.331095 0.0703452 
600 300 1141 253 91 434
0
50
0.603015 0.481979 0.587329 0.818232 0.366131 0.355083 -0.573351 -0.375774 -0.42552 -0.0284738 -0.249794 -0.359905 -0.765313 1.92492 0.331675 -0.779473 -0.583911 0.448775 0.82461 -0.98175 1.06833 1.6397 0.707755 0.653279 -0.357158 0.344584 1.94867 -0.782098 -0.539903 -0.498215 0.352763 0.12598 -0.827693 1.47618 0.0729088 0.379498 0.819941 0.00686669 0.154759 -0.452193 -0.0835902 0.088931 1.5866 -0.951231 0.7528 0.372356 0.607166 -0.241737 0.331095 0.0703452 
600 300 1141 253 91 434
0
50
0.544176 -0.849544 0.934996 1.1774 -0.128391 0.302774 0.133091 -0.304727 0.0666219 -0.0284738 0.610889 -0.359905 -0.765313 -0.924924 0.668325 -0.722282 0.973754 0.448775 1.22849 -0.750053 1.06833 1.6397 0.707755 0.346721 -0.357158 0.344584 1.94867 1.7821 0.70568 -0.0218207 0.352763 0.452864 0.450667 1.20756 0.0729088 -0.228858 0.518845 0.417524 0.730583 0.149235 -0.969481 0.088931 1.5866 -0.951231 0.7528 0.372356 0.607166 -0.241737 0.331095 0.0703452 
600 300 1141 253 91 434
0
50
0.603015 0.481979 0.587329 0.818232 0.366131 0.355083 -0.573351 -0.375774 -0.42552 0.937162 -0.249794 -0.359905 -0.765313 -0.924924 0.668325 -0.779473 -0.583911 -0.483505 0.607959 0.913755 0.928343 0.753349 -0.0869473 -0.111423 -0.375652 -0.733818 0.354839 0.36198 0.29432 1.02182 0.858821 0.12598 -0.827693 1.47618 0.0729088 0.379498 0.819941 0.00686669 0.154759 -0.452193 -0.0835902 0.088931 1.5866 -0.951231 0.7528 0.372356 0.757805 -0.228187 0.653981 0.533494 
600 300 1141 253 91 434
0
50
0.603015 0.706778 0.934996 -0.177404 -0.128391 0.302774 0.866909 -0.444258 0.0666219 1.02847 0.610889 -0.928953 -0.765313 -0.924924 0.331675 -0.779473 -0.583911 0.448775 0.82461 -0.496628 0.883602 0.146428 0.529252 0.462508 0.682913 -0.733818 0.354839 0.36198 0.29432 1.02182 0.858821 0.12598 -0.827693 1.47618 0.0729088 0.379498 0.819941 0.00686669 0.154759 -0.452193 -0.0835902 0.088931 1.5866 -0.951231 0.7528 0.372356 0.607166 -0.228187 -0.584887 0.939757 
600 300 1141 253 91 434
0
50
0.603015 0.706778 0.934996 -0.177404 -0.128391 0.302774 0.133091 1.30473 -0.42552 0.937162 -0.249794 -0.359905 -0.765313 -0.924924 0.668325 -0.779473 -0.583911 -0.483505 0.607959 0.913755 0.928343 0.246651 -0.0869473 -0.111423 -0.375652 -0.733818 0.354839 0.36198 0.782159 0.540757 -0.491684 0.452864 0.450667 -0.207556 0.0729088 0.379498 0.819941 0.00686669 0.154759 -0.452193 -0.0835902 0.088931 1.5866 -0.951231 0.7528 0.372356 0.607166 -0.241737 0.331095 0.939757 
600 300 1141 253 91 434
0
50
1.68456 -0.282632 0.998138 -0.303568 0.912778 -0.469222 1.90033 -0.304727 -0.481002 0.232032 -0.5056 0.872982 0.1301 0.0799279 0.668325 -0.779473 -0.583911 1.4835 0.607959 0.913755 0.928343 0.246651 -0.0869473 -0.111423 -0.375652 0.257973 1.64586 0.010651 -0.539903 -0.498215 0.352763 0.547136 0.852596 0.743278 1.13993 -0.228858 0.518845 0.417524 0.154759 1.45219 -0.0835902 0.088931 1.5866 -0.951231 0.7528 0.372356 0.607166 -0.241737 0.331095 0.929655 
600 300 1141 253 91 434
0
50
0.241493 0.947752 -0.273049 0.818232 0.366131 -0.541246 -0.900327 1.44426 -0.42552 0.937162 -0.249794 -0.359905 1.76531 -0.924924 0.668325 -0.779473 -0.583911 0.448775 0.82461 1.49663 0.883602 -0.639699 0.707755 0.462508 0.682913 0.344584 1.94867 -0.782098 -0.539903 -0.498215 0.352763 0.452864 0.852596 0.743278 -0.139927 -0.228858 0.819941 0.00686669 0.730583 0.149235 1.96948 -0.36906 1.5866 -0.951231 -0.448408 0.0882596 0.131016 -0.368511 -0.916807 0.0703452 
600 300 1141 253 91 434
0
50
1.27836 0.481979 0.587329 0.818232 -0.128391 0.302774 0.133091 -0.304727 -0.42552 0.937162 -0.249794 -0.359905 0.8699 0.511277 1.34696 0.620106 0.814264 0.00527966 -0.17185 -0.98175 1.06833 1.6397 0.707755 0.653279 -0.375652 -0.733818 0.354839 0.36198 0.217841 0.459243 0.352763 0.452864 0.852596 0.743278 -0.139927 -0.228858 0.819941 0.229225 0.154759 -0.452193 -0.0835902 0.911069 1.5866 0.286843 0.7528 0.372356 0.607166 -0.241737 0.331095 0.939757 
600 300 1141 253 91 434
0
50
0.241493 0.947752 1.27305 0.181768 0.366131 0.355083 -0.573351 -0.375774 -0.42552 0.0628376 -0.249794 -0.359905 -0.764885 -0.571398 0.916685 0.0334789 0.923093 1.06326 0.607959 0.913755 0.0716574 0.753349 -0.0869473 0.978027 -0.193701 0.0202338 0.429426 0.122532 0.70568 -0.0218207 0.141179 0.12598 -0.827693 0.666494 1.13993 -0.228858 0.819941 0.00686669 0.730583 0.850765 -0.969481 -0.36906 -0.872005 0.286843 -0.448408 0.0882596 0.242195 -0.228187 -0.584887 0.939757 
600 300 1141 253 91 434
0
50
0.603015 0.706778 0.934996 1.1774 -0.128391 0.302774 0.133091 -0.304727 0.0666219 -0.0284738 0.610889 -0.928953 -0.765313 0.0523392 0.916685 0.0334789 -0.254494 -0.0632648 -0.17185 -0.98175 1.06833 -0.639699 0.707755 0.462508 0.682913 0.344584 1.94867 -0.782098 0.70568 -0.0218207 0.858821 0.452864 0.450667 -0.207556 0.0729088 0.379498 0.819941 0.00686669 0.154759 -0.452193 -0.969481 0.54912 -0.07004 0.121006 0.725547 0.680654 0.509751 -0.688223 0.653981 0.533494 
600 300 1141 253 91 434
0
50
0.241493 0.947752 1.27305 0.181768 0.366131 0.355083 -0.573351 -0.304727 0.0666219 -0.0284738 0.610889 1.3599 -0.764885 0.0523392 1.34696 0.620106 0.814264 0.00527966 -0.436934 -0.496628 1.06833 -0.639699 0.707755 0.346721 -0.357158 0.344584 -0.948668 1.7821 0.782159 0.540757 -0.491684 0.447493 0.494064 0.666494 -0.139927 -0.228858 0.819941 0.00686669 0.154759 -0.452193 1.08359 0.088931 1.5866 -0.951231 0.7528 0.372356 0.607166 -0.241737 0.331095 0.0703452 
600 300 1141 253 91 434
0
50
0.241493 0.947752 -0.273049 0.818232 0.366131 -0.541246 -0.900327 1.44426 -0.481002 0.232032 -0.5056 0.872982 0.1301 0.0799279 1.34696 0.620106 0.814264 0.00527966 0.82461 -0.496628 0.883602 1.6397 0.707755 0.653279 -0.357158 0.655416 0.354839 0.122532 -0.539903 -0.498215 0.352763 0.452864 0.450667 -0.207556 0.0729088 0.379498 0.819941 0.00686669 0.154759 -0.452193 -0.0835902 0.911069 1.5866 -0.951231 -0.448408 0.0882596 0.242195 -0.228187 -0.584887 0.939757 
600 300 1141 253 91 434
0
50
0.22956 0.893674 0.504074 0.133763 -0.128391 0.302774 0.866909 -0.304727 -0.42552 0.937162 -0.249794 1.3599 -0.765313 0.0799279 1.34696 0.379894 0.973754 0.448775 1.22849 -0.750053 1.06833 1.6397 0.707755 0.346721 -0.357158 0.344584 1.94867 -0.782098 0.70568 -0.0218207 0.141179 0.12598 -0.827693 0.666494 -0.139927 -0.228858 0.819941 0.229225 0.730583 0.850765 -0.969481 -0.36906 -0.872005 0.286843 0.7528 0.627644 0.607166 -0.241737 0.331095 0.0703452 
600 300 1141 253 91 434
0
50
-0.278359 -0.282632 0.934996 -0.177404 -0.128391 -0.356731 0.937254 0.958373 -0.42552 0.937162 -0.249794 -0.928953 -0.765313 0.0523392 1.34696 -0.722282 0.543931 -0.293252 0.82461 -0.496628 0.883602 -0.516526 1.51775 1.8894 0.529954 0.822749 0.099002 0.0288094 0.782159 1.0524 0.37608 1.77667 0.852596 0.743278 -0.139927 -0.228858 0.113559 1.99622 -0.996155 0.149235 -0.969481 -0.36906 -0.872005 -0.41142 -0.188269 -0.245155 0.607166 -0.241737 0.331095 0.0703452 
600 300 1141 253 91 434
0
50
0.22956 0.893674 0.504074 0.133763 1.34227 0.302774 0.133091 -0.304727 -0.42552 0.937162 -0.249794 -0.359905 -0.764885 -0.571398 -0.967101 -0.722282 0.923093 1.06326 0.607959 -0.750053 1.06833 1.6397 0.707755 0.346721 -0.357158 0.257973 -0.645863 0.010651 0.978088 0.540757 -0.491684 0.452864 0.450667 1.20756 0.0729088 0.379498 0.819941 0.00686669 0.154759 -0.452193 -0.0835902 0.088931 1.5866 -0.951231 1.18827 -0.0522172 -0.737297 -0.241737 0.331095 0.929655 
600 300 1141 253 91 434
0
50
0.603015 0.706778 0.934996 -0.177404 -0.128391 0.302774 0.133091 1.30473 -0.42552 0.937162 -0.249794 -0.359905 -0.764885 -0.571398 0.916685 0.0334789 0.923093 1.06326 0.607959 0.913755 0.0716574 0.753349 -0.0869473 0.978027 0.682913 0.344584 1.94867 -0.782098 0.70568 -0.0218207 0.858821 0.452864 0.450667 -0.207556 0.0729088 0.379498 0.819941 0.00686669 0.154759 -0.452193 -0.969481 0.54912 -0.07004 -0.951231 0.7528 0.627644 0.607166 -0.241737 0.331095 0.0703452 
600 300 1141 253 91 434
0
50
0.22956 0.893674 0.504074 0.133763 1.34227 0.302774 0.133091 -0.304727 -0.42552 0.937162 -0.249794 -0.359905 -0.764885 -0.571398 -0.967101 -0.722282 0.923093 1.06326 0.607959 -0.750053 1.06833 1.6397 0.707755 0.346721 -0.357158 0.655416 0.354839 0.122532 -0.539903 -0.498215 0.352763 0.452864 0.450667 -0.207556 0.0729088 0.379498 0.819941 0.00686669 0.154759 -0.452193 -0.0835902 0.911069 1.5866 0.121006 0.725547 0.680654 0.509751 -0.688223 0.653981 0.533494 
600 300 1141 253 91 434
0
50
0.241493 0.947752 1.27305 0.181768 0.366131 0.355083 -0.573351 -0.375774 -0.42552 0.0628376 -0.249794 -0.359905 -0.764885 -0.571398 0.916685 0.0334789 -0.254494 -0.0632648 -0.436934 -0.496628 1.06833 -0.639699 0.707755 0.346721 -0.357158 0.344584 -0.948668 1.7821 0.782159 0.540757 -0.491684 0.447493 0.494064 0.666494 -0.139927 -0.228858 0.819941 0.00686669 0.154759 -0.452193 1.08359 0.911069 1.5866 -0.951231 0.7528 0.627644 0.607166 -0.241737 0.653981 0.533494 
600 300 1141 253 91 434
0
50
0.22956 0.893674 0.504074 0.133763 -0.128391 0.302774 0.866909 -0.304727 -0.42552 0.937162 -0.249794 1.3599 -0.764885 0.0523392 1.34696 0.620106 0.814264 0.00527966 -0.17185 -0.98175 1.06833 -0.639699 0.707755 0.462508 0.682913 0.344584 1.94867 -0.782098 0.70568 -0.0218207 0.858821 0.452864 0.450667 -0.207556 0.0729088 0.379498 0.819941 0.00686669 0.154759 -0.452193 -0.969481 0.54912 -0.07004 0.121006 0.725547 0.680654 0.509751 -0.688223 -0.584887 0.939757 
600 300 1141 253 91 434
0
50
0.544176 -0.849544 0.934996 1.1774 -0.128391 0.302774 0.133091 -0.304727 0.0666219 -0.0284738 0.610889 -0.359905 -0.765313 -0.924924 0.668325 -0.779473 -0.583911 -0.483505 0.607959 0.913755 0.928343 0.753349 -0.0869473 0.978027 1.1937 -0.713981 -0.150182 -0.782098 0.29432 -0.0218207 0.858821 0.12598 -0.827693 1.47618 0.0729088 0.379498 0.180059 0.00686669 0.730583 0.850765 -0.969481 -0.36906 -0.872005 0.713157 0.725547 0.680654 0.509751 -0.688223 0.653981 0.533494 
600 300 1141 253 91 434
0
50
0.241493 0.947752 0.934996 -0.177404 -0.128391 0.302774 0.133091 -0.304727 0.0666219 0.232032 -0.5056 0.872982 0.1301 0.511277 -0.967101 0.0334789 0.923093 1.06326 0.607959 0.913755 0.928343 0.753349 -0.0869473 -0.111423 -0.375652 -0.733818 0.354839 0.36198 0.29432 1.02182 0.858821 0.12598 -0.827693 1.47618 0.0729088 0.379498 0.819941 0.00686669 0.154759 -0.452193 -0.0835902 0.088931 1.5866 -0.951231 0.7528 0.372356 0.757805 -0.228187 0.653981 0.533494 
600 300 1141 253 91 434
0
50
-0.278359 -0.282632 0.934996 -0.177404 -0.128391 -0.356731 0.937254 0.958373 -0.42552 0.937162 -0.249794 -0.928953 -0.765313 0.0523392 1.34696 -0.722282 0.543931 -0.293252 0.82461 -0.496628 0.883602 -0.516526 1.51775 1.8894 0.529954 0.822749 0.099002 0.0288094 0.782159 0.540757 -0.491684 0.452864 0.450667 1.20756 0.0729088 0.379498 0.819941 0.00686669 0.154759 -0.452193 -0.0835902 0.088931 1.5866 -0.951231 1.18827 0.627644 0.607166 -0.228187 -0.584887 0.939757 
600 300 1141 253 91 434
0
50
0.603015 0.481979 0.587329 0.818232 0.366131 0.355083 -0.573351 -0.375774 -0.42552 0.937162 -0.249794 -0.359905 -0.765313 -0.924924 0.668325 -0.722282 0.973754 0.448775 1.22849 -0.750053 1.06833 1.6397 0.707755 0.346721 -0.357158 0.344584 1.94867 1.7821 0.70568 -0.0218207 0.352763 0.452864 0.450667 1.20756 0.0729088 -0.228858 0.518845 0.417524 0.730583 0.149235 -0.969481 0.088931 1.5866 -0.951231 0.7528 0.372356 0.607166 -0.241737 0.331095 0.0703452 
600 300 1141 253 91 434
0
50
0.241493 0.947752 -0.273049 0.818232 0.366131 -0.541246 -0.900327 1.44426 -0.481002 0.232032 -0.5056 -0.359905 -0.765313 -0.924924 0.668325 -0.779473 0.973754 0.448775 1.22849 -0.98175 0.883602 -0.516526 0.707755 0.346721 -0.357158 0.344584 1.94867 -0.782098 0.70568 -0.0218207 0.141179 0.12598 -0.827693 1.47618 0.0729088 0.379498 0.819941 0.00686669 0.154759 -0.452193 -0.0835902 0.911069 1.5866 -0.951231 0.7528 0.372356 0.607166 -0.241737 0.331095 0.939757 
600 300 1141 253 91 434
0
50
1.27836 0.481979 0.587329 0.818232 -0.128391 0.302774 0.133091 1.30473 -0.42552 0.937162 -0.249794 0.872982 0.1301 0.0799279 1.34696 0.620106 0.814264 0.00527966 0.82461 -0.496628 0.883602 1.6397 0.707755 0.653279 -0.357158 0.655416 0.354839 0.122532 -0.539903 -0.498215 0.352763 0.452864 0.450667 -0.207556 0.0729088 0.379498 0.819941 0.00686669 0.154759 -0.452193 -0.0835902 0.911069 1.5866 -0.951231 0.7528 0.627644 0.607166 -0.241737 0.331095 0.0703452 
600 300 1141 253 91 434
0
50
0.241493 0.947752 -0.273049 0.818232 0.366131 -0.541246 -0.900327 1.44426 -0.481002 0.232032 -0.249794 1.3599 -0.764885 0.0523392 1.34696 0.620106 0.814264 0.00527966 -0.17185 -0.98175 1.06833 -0.639699 0.707755 0.462508 0.682913 0.344584 1.94867 -0.782098 0.70568 -0.0218207 0.141179 0.452864 0.450667 -0.207556 0.0729088 0.379498 0.819941 0.00686669 0.154759 -0.452193 -0.0835902 0.911069 1.5866 1.95123 0.7528 0.627644 0.607166 -0.241737 0.331095 0.0703452 
600 300 1141 253 91 434
0
50
0.603015 0.706778 0.934996 -0.177404 1.12839 0.302774 0.866909 0.958373 -0.42552 0.937162 -0.249794 1.3599 -0.764885 -0.571398 -0.967101 -0.606006 0.814264 0.00527966 -0.17185 -0.98175 1.06833 1.6397 0.707755 0.653279 -0.357158 0.655416 0.354839 0.122532 -0.539903 1.49821 0.352763 0.452864 0.450667 -0.207556 0.0729088 0.379498 0.819941 0.00686669 0.154759 -0.452193 -0.0835902 0.088931 1.5866 -0.951231 1.18827 -0.0522172 -0.737297 -0.688223 -0.584887 0.939757 
600 300 1141 253 91 434
0
50
0.241493 0.947752 1.27305 0.181768 0.366131 0.355083 -0.573351 -0.375774 -0.42552 0.0628376 -0.249794 -0.359905 -0.764885 -0.571398 0.916685 0.0334789 0.923093 1.06326 0.607959 0.913755 0.0716574 0.753349 -0.0869473 0.978027 -0.193701 0.0202338 0.429426 0.122532 0.70568 -0.0218207 0.141179 0.12598 -0.827693 0.666494 1.13993 -0.228858 0.819941 0.229225 0.154759 -0.452193 -0.0835902 0.911069 1.5866 0.286843 0.7528 0.372356 0.607166 -0.241737 0.331095 0.939757 
600 300 1141 253 91 434
0
50
1.27836 0.947752 0.934996 -0.177404 -0.128391 0.302774 0.133091 -0.304727 0.0666219 0.232032 -0.5056 0.872982 0.1301 0.511277 -0.967101 0.0334789 0.923093 1.06326 0.607959 0.913755 0.928343 0.753349 0.707755 0.653279 -0.357158 0.655416 0.354839 0.122532 -0.539903 -0.498215 0.352763 0.452864 0.450667 -0.207556 0.0729088 0.379498 0.819941 0.00686669 0.154759 -0.452193 -0.0835902 0.911069 1.5866 -0.951231 0.7528 0.627644 0.607166 -0.241737 0.331095 0.0703452 
600 300 1141 253 91 434
0
50
-0.684561 -0.282632 0.998138 -0.303568 -0.128391 0.302774 0.866909 -0.304727 -0.42552 1.27354 0.606769 -0.359905 0.886898 1.92492 0.668325 -0.779473 -0.583911 0.448775 -0.436934 -0.496628 0.883602 0.146428 0.470748 0.462508 0.682913 0.257973 1.94867 -0.782098 0.29432 -0.0218207 0.858821 0.547136 0.852596 0.743278 -0.139927 1.22886 0.819941 0.00686669 0.730583 0.850765 -0.969481 -0.36906 -0.872005 0.286843 -0.448408 0.0882596 0.757805 -0.228187 -0.584887 0.939757 
600 300 1141 253 91 434
0
50
-0.278359 0.481979 0.587329 0.818232 0.912778 -0.469222 1.90033 -0.304727 -0.42552 0.937162 -0.249794 -0.359905 -0.765313 -0.924924 -0.967101 0.935484 0.0276498 0.448775 -0.436934 -0.496628 0.883602 0.853572 0.529252 0.462508 0.682913 0.257973 -0.645863 0.010651 0.978088 1.0524 0.37608 1.77667 0.852596 0.743278 -0.372234 -0.38432 0.113559 -0.996216 0.730583 0.149235 -0.969481 0.088931 1.5866 -0.951231 0.7528 0.372356 0.607166 -0.241737 0.331095 0.0703452 
600 300 1141 253 91 434
0
50
-0.278359 0.481979 0.587329 0.818232 -0.128391 0.302774 0.866909 -0.304727 -0.42552 1.27354 0.606769 -0.359905 0.886898 1.92492 0.668325 -0.779473 -0.583911 0.448775 -0.436934 -0.496628 0.883602 0.146428 0.707755 0.346721 -0.357158 0.344584 1.94867 -0.782098 0.70568 -0.0218207 0.141179 0.12598 -0.827693 1.47618 0.0729088 0.379498 0.819941 0.00686669 0.154759 -0.452193 1.08359 0.911069 1.5866 -0.951231 0.2472 0.372356 0.607166 -0.241737 0.331095 0.0703452 
600 300 1141 253 91 434
0
50
0.544176 -0.849544 0.934996 1.1774 -0.128391 0.302774 0.133091 -0.304727 0.0666219 -0.0284738 0.610889 -0.928953 -0.765313 0.0523392 -0.346965 0.620106 0.814264 0.00527966 -0.17185 -0.98175 0.883602 -0.516526 0.470748 0.462508 0.682913 0.257973 1.94867 -0.782098 0.70568 -0.0218207 0.858821 0.547136 0.852596 0.743278 -0.139927 -0.228858 0.819941 0.00686669 0.730583 0.850765 -0.969481 -0.36906 -0.872005 -0.41142 -0.188269 -0.245155 0.392834 -0.241737 0.331095 0.0703452 
600 300 1141 253 91 434
0
50
0.241493 0.947752 1.27305 0.181768 0.366131 0.355083 -0.573351 -0.375774 -0.42552 0.0628376 -0.249794 1.3599 -0.764885 -0.571398 -0.967101 1.60601 0.814264 0.00527966 -0.17185 -0.98175 1.06833 1.6397 0.707755 0.653279 -0.357158 0.655416 0.354839 0.122532 -0.539903 1.49821 0.352763 0.452864 0.450667 -0.207556 0.0729088 0.379498 0.819941 0.00686669 0.154759 -0.452193 -0.0835902 0.911069 1.5866 1.95123 0.7528 0.627644 0.607166 -0.241737 0.331095 0.0703452 
600 300 1141 253 91 434
0
50
0.22956 0.893674 0.504074 0.133763 1.34227 0.302774 0.133091 -0.304727 -0.42552 0.937162 -0.249794 -0.359905 -0.764885 -0.571398 0.916685 0.0334789 0.923093 1.06326 0.607959 0.913755 0.0716574 0.753349 -0.0869473 0.978027 -0.193701 0.0202338 0.429426 0.122532 0.70568 -0.0218207 0.141179 0.12598 -0.827693 0.666494 1.13993 -0.228858 0.819941 0.229225 0.154759 -0.452193 -0.0835902 0.911069 1.5866 0.286843 0.7528 0.372356 0.607166 -0.241737 0.331095 0.939757 
600 300 1141 253 91 434
0
50
0.241493 0.947752 -0.273049 0.818232 0.366131 -0.541246 -0.900327 1.44426 -0.481002 0.937162 -0.249794 -0.359905 -0.765313 1.92492 -0.967101 0.935484 0.0276498 0.448775 -0.436934 -0.496628 0.883602 0.853572 0.529252 0.462508 0.682913 0.257973 -0.645863 0.010651 0.978088 1.0524 0.37608 1.77667 0.852596 0.743278 -0.372234 -0.38432 0.113559 -0.996216 0.730583 0.850765 -0.969481 -0.36906 -0.872005 -0.41142 -0.188269 -0.245155 0.607166 -0.241737 0.331095 0.0703452 
600 300 1141 253 91 434
0
50
1.27836 -0.282632 0.998138 -0.303568 0.912778 -0.469222 -0.900327 -0.304727 -0.42552 0.232032 -0.5056 0.872982 0.1301 0.0799279 1.34696 0.620106 0.814264 0.00527966 0.82461 -0.496628 0.883602 1.6397 0.292245 0.653279 -0.357158 0.655416 0.354839 0.122532 -0.539903 -0.498215 0.352763 0.452864 0.450667 -0.207556 0.0729088 0.379498 0.819941 0.00686669 0.154759 -0.452193 -0.0835902 0.088931 -0.586596 -0.951231 0.7528 0.372356 0.607166 -0.241737 0.331095 0.0703452 
600 300 1141 253 91 434
0
50
0.603015 0.706778 0.934996 1.1774 -0.128391 0.302774 0.133091 -0.304727 0.0666219 -0.0284738 -0.249794 -0.359905 -0.765313 1.92492 0.331675 -0.779473 -0.583911 0.448775 0.82461 -0.98175 1.06833 1.6397 0.707755 0.653279 -0.357158 0.344584 -0.948668 -0.782098 -0.539903 -0.498215 0.352763 0.12598 -0.827693 1.47618 0.0729088 0.379498 0.819941 0.00686669 0.154759 -0.452193 -0.0835902 0.911069 1.5866 -0.951231 0.7528 0.372356 0.607166 -0.241737 0.331095 0.0703452 
600 300 1141 253 91 434
0
50
0.544176 -0.849544 0.934996 1.1774 -0.128391 0.302774 0.133091 -0.304727 0.0666219 -0.0284738 0.610889 -0.928953 -0.765313 0.0523392 -0.346965 0.620106 0.814264 0.00527966 -0.17185 -0.98175 0.883602 -0.516526 0.707755 0.346721 -0.357158 0.344584 1.94867 -0.782098 0.70568 -0.0218207 0.141179 0.12598 -0.827693 1.47618 0.0729088 0.379498 0.819941 0.00686669 0.269417 0.149235 -0.969481 0.088931 1.5866 -0.951231 0.7528 0.372356 0.607166 1.24174 0.331095 0.0703452 
600 300 1141 253 91 434
0
50
0.544176 -0.849544 0.934996 1.1774 -0.128391 0.302774 0.133091 -0.304727 0.0666219 -0.0284738 0.610889 -0.928953 -0.765313 0.0523392 -0.346965 0.620106 0.814264 0.00527966 -0.17185 -0.98175 0.883602 -0.516526 0.707755 0.346721 -0.357158 0.344584 1.94867 -0.782098 0.70568 -0.0218207 0.141179 0.12598 -0.827693 1.47618 0.0729088 0.379498 0.819941 0.00686669 0.154759 -0.452193 -0.0835902 0.911069 1.5866 -0.951231 0.2472 0.372356 0.607166 -0.228187 -0.584887 0.939757 
600 300 1141 253 91 434
0
50
-0.684561 -0.282632 0.998138 -0.303568 0.912778 -0.469222 0.828272 0.57326 -0.476058 -0.273537 0.393231 0.299905 0.886898 0.0799279 0.0545061 -0.722282 0.973754 0.448775 1.22849 -0.750053 1.06833 1.6397 0.707755 0.346721 -0.357158 0.344584 1.94867 -0.782098 0.70568 -0.0218207 0.141179 0.12598 -0.827693 0.666494 -0.139927 -0.228858 0.819941 0.229225 0.730583 0.850765 -0.969481 -0.36906 -0.872005 0.286843 -0.448408 0.0882596 0.242195 -0.241737 0.331095 0.0703452 
600 300 1141 253 91 434
0
50
1.27836 0.481979 0.587329 0.818232 -0.128391 0.302774 0.133091 1.30473 -0.42552 0.937162 -0.249794 -0.359905 -0.765313 -0.924924 0.668325 -0.779473 -0.583911 0.448775 0.82461 1.49663 0.883602 -0.516526 -0.517747 -0.889401 0.529954 0.822749 0.099002 0.0288094 0.782159 0.540757 0.352763 0.452864 0.450667 1.20756 0.0729088 -0.228858 0.518845 0.417524 0.730583 0.850765 -0.969481 -0.36906 -0.872005 0.286843 -0.448408 0.0882596 0.757805 -0.228187 -0.584887 0.0703452 
600 300 1141 253 91 434
0
50
-0.684561 -0.282632 0.00186157 -0.303568 0.912778 0.302774 0.866909 -0.444258 0.0666219 1.02847 0.610889 -0.928953 -0.765313 -0.924924 0.331675 -0.779473 -0.583911 0.448775 0.82461 -0.496628 0.883602 0.146428 0.529252 0.462508 -0.375652 -0.733818 0.354839 0.36198 0.217841 0.459243 -0.491684 0.452864 0.450667 -0.207556 0.0729088 0.379498 0.819941 0.00686669 0.154759 -0.452193 -0.0835902 0.088931 1.5866 -0.951231 0.7528 0.372356 0.607166 -0.241737 0.331095 0.0703452 
600 300 1141 253 91 434
0
50
1.27836 0.481979 0.587329 0.818232 -0.128391 0.302774 0.133091 1.30473 -0.42552 0.937162 0.393231 0.299905 -0.764885 -0.937864 -0.967101 0.935484 0.0276498 0.448775 0.82461 -0.496628 0.883602 -0.516526 -0.517747 -0.889401 0.529954 0.822749 0.099002 0.36198 0.70568 1.02182 0.858821 0.12598 -0.827693 1.47618 0.0729088 0.379498 0.819941 0.00686669 0.154759 -0.452193 -0.0835902 0.088931 1.5866 1.95123 0.7528 0.372356 0.607166 -0.241737 0.331095 0.0703452 
600 300 1141 253 91 434
0
50
0.241493 0.947752 0.934996 -0.177404 -0.128391 0.302774 0.133091 -0.304727 0.0666219 0.937162 -0.249794 -0.359905 -0.765313 -0.924924 0.668325 -0.779473 -0.583911 0.448775 0.82461 1.49663 0.883602 -0.516526 -0.517747 -0.889401 0.529954 -0.733818 0.354839 0.36198 0.29432 1.02182 0.858821 0.12598 -0.827693 1.47618 0.0729088 0.379498 0.819941 0.00686669 0.154759 -0.452193 -0.0835902 0.088931 1.5866 -0.951231 0.7528 0.372356 0.607166 -0.241737 0.331095 0.0703452 
600 300 1141 253 91 434
0
50
0.603015 0.706778 0.934996 1.1774 -0.128391 0.302774 0.133091 -0.304727 0.0666219 -0.0284738 -0.249794 -0.359905 -0.765313 -0.924924 0.331675 -0.779473 -0.583911 0.448775 0.82461 -0.98175 -0.068331 1.6397 0.707755 -0.111423 0.682913 0.257973 1.64586 0.010651 1.5399 -0.498215 0.352763 0.452864 0.852596 0.743278 1.13993 -0.228858 0.481155 0.417524 0.154759 1.45219 -0.0835902 0.088931 1.5866 -0.951231 -0.188269 -0.245155 0.131016 -0.368511 -0.916807 0.0703452 
600 300 1141 253 91 434
0
50
0.603015 0.706778 0.934996 1.1774 -0.128391 0.302774 0.866909 -0.304727 0.0666219 -0.0284738 0.610889 1.3599 -0.764885 0.0523392 1.34696 0.620106 0.814264 0.00527966 -0.17185 -0.98175 1.06833 -0.639699 0.707755 0.462508 -0.193701 0.0202338 0.429426 0.122532 0.70568 -0.0218207 0.858821 0.12598 -0.827693 1.47618 0.0729088 0.379498 0.180059 0.00686669 0.730583 -0.452193 -0.0835902 0.911069 -0.872005 0.286843 -0.448408 0.372356 0.607166 -0.241737 0.331095 0.939757 
600 300 1141 253 91 434
0
50
0.544176 -0.849544 0.934996 1.1774 -0.128391 0.302774 0.133091 -0.304727 0.0666219 -0.0284738 0.610889 -0.359905 -0.765313 -0.924924 0.668325 -0.779473 -0.583911 -0.483505 0.607959 0.913755 0.928343 0.753349 -0.0869473 -0.111423 -0.375652 -0.733818 0.354839 0.36198 0.29432 1.02182 0.858821 0.12598 -0.827693 1.47618 0.0729088 0.379498 0.819941 0.00686669 0.154759 -0.452193 -0.0835902 0.088931 1.5866 -0.951231 0.7528 0.372356 0.757805 -0.228187 0.653981 0.533494 
600 300 1141 253 91 434
0
50
-0.278359 -0.282632 0.934996 -0.177404 -0.128391 -0.356731 0.937254 0.958373 -0.42552 0.937162 -0.5056 0.872982 0.1301 0.0799279 1.34696 0.620106 0.814264 0.00527966 0.82461 -0.496628 0.883602 1.6397 0.707755 0.653279 -0.357158 0.257973 -0.645863 0.010651 0.978088 1.0524 0.37608 1.77667 0.852596 0.743278 -0.139927 1.22886 0.113559 1.99622 -0.996155 0.149235 -0.969481 -0.36906 -0.872005 -0.41142 -0.188269 -0.245155 0.607166 -0.241737 0.331095 0.0703452 
600 300 1141 253 91 434
0
50
0.241493 0.947752 0.934996 -0.177404 -0.128391 0.302774 0.133091 -0.304727 0.0666219 0.937162 0.393231 0.299905 -0.764885 -0.937864 -0.967101 0.935484 0.0276498 0.448775 0.82461 -0.496628 0.883602 -0.516526 -0.517747 -0.889401 0.529954 0.822749 0.099002 0.0288094 0.217841 0.540757 -0.491684 0.452864 0.450667 1.47618 0.0729088 0.379498 0.819941 0.00686669 0.154759 -0.452193 -0.0835902 0.088931 1.5866 -0.951231 0.7528 0.372356 0.607166 -0.241737 0.331095 0.0703452 
600 300 1141 253 91 434
0
50
0.603015 0.706778 0.934996 1.1774 -0.128391 0.302774 0.133091 -0.304727 0.0666219 -0.0284738 -0.249794 -0.359905 -0.765313 1.92492 0.331675 -0.779473 -0.583911 0.448775 0.82461 -0.98175 1.06833 1.6397 0.707755 0.653279 -0.357158 0.344584 1.94867 -0.782098 -0.539903 -0.498215 0.352763 0.12598 -0.827693 -0.207556 -0.364849 1.22886 0.369854 0.229225 0.730583 0.149235 -0.969481 0.088931 1.5866 1.95123 0.7528 0.372356 0.607166 1.24174 0.331095 0.939757 
600 300 1141 253 91 434
0
50
0.544176 -0.849544 0.934996 1.1774 -0.128391 0.302774 0.133091 -0.304727 0.0666219 1.02847 0.610889 -0.928953 -0.765313 0.0523392 -0.346965 0.620106 0.814264 0.00527966 -0.17185 -0.98175 0.883602 -0.516526 0.707755 0.346721 -0.357158 0.344584 1.94867 -0.782098 0.70568 -0.0218207 0.141179 0.12598 -0.827693 -0.47618 0.0729088 0.379498 0.819941 0.00686669 0.154759 -0.452193 -0.0835902 0.911069 1.5866 -0.951231 0.7528 0.627644 0.607166 -0.241737 0.331095 0.0703452 
600 300 1141 253 91 434
0
50
0.241493 0.947752 -0.273049 0.818232 0.366131 -0.541246 -0.900327 1.44426 -0.481002 0.232032 -0.5056 0.872982 0.1301 0.0799279 1.34696 0.620106 0.814264 0.00527966 0.82461 -0.496628 0.883602 1.6397 0.707755 0.653279 -0.357158 0.655416 0.354839 0.122532 -0.539903 -0.498215 0.352763 0.452864 0.450667 -0.207556 0.0729088 0.379498 0.819941 0.00686669 0.154759 -0.452193 -0.0835902 0.911069 1.5866 -0.951231 0.7528 0.372356 0.607166 -0.241737 0.331095 0.0703452 
600 300 1141 253 91 434
0
50
0.22956 0.893674 0.504074 0.133763 1.34227 0.302774 0.133091 -0.304727 -0.42552 0.937162 -0.249794 -0.359905 -0.764885 -0.571398 -0.967101 -0.722282 0.923093 1.06326 0.607959 -0.750053 1.06833 1.6397 0.707755 0.346721 -0.357158 0.655416 0.354839 0.122532 -0.539903 -0.498215 0.352763 0.452864 0.450667 -0.207556 0.0729088 0.379498 0.819941 0.00686669 0.154759 -0.452193 -0.0835902 0.911069 1.5866 -0.951231 0.7528 0.627644 0.607166 -0.241737 0.331095 0.0703452 
600 300 1141 253 91 434
0
50
0.603015 0.706778 0.934996 1.1774 -0.128391 0.302774 0.866909 -0.304727 0.0666219 -0.0284738 0.610889 1.3599 -0.765313 0.0799279 1.34696 0.379894 0.814264 0.00527966 -0.17185 -0.98175 1.06833 1.6397 0.707755 0.653279 -0.357158 0.344584 1.94867 -0.782098 -0.539903 -0.498215 0.352763 0.452864 0.852596 0.256722 -0.139927 -0.228858 0.819941 0.00686669 -0.996155 0.36961 0.332682 -0.476791 -0.07004 0.121006 -0.448408 0.0882596 0.757805 -0.228187 -0.584887 0.0602435 
600 300 1141 253 91 434
0
50
0.603015 0.706778 0.934996 -0.177404 1.12839 0.302774 0.866909 0.958373 -0.42552 0.0628376 -0.249794 -0.359905 -0.765313 -0.924924 0.331675 -0.779473 -0.583911 -0.483505 0.607959 0.913755 0.928343 0.246651 -0.0869473 -0.111423 -0.375652 -0.733818 0.354839 0.36198 0.29432 -0.0218208 0.858821 0.12598 -0.827693 1.47618 0.0729088 0.379498 0.819941 0.00686669 0.154759 -0.452193 -0.0835902 0.088931 1.5866 -0.951231 0.7528 0.372356 0.607166 -0.241737 0.331095 0.0703452 
600 300 1141 253 91 434
0
50
0.603015 0.706778 0.934996 1.1774 -0.128391 0.302774 0.866909 -0.304727 0.0666219 -0.0284738 0.610889 1.3599 -0.764885 0.0523392 1.34696 0.620106 0.814264 0.00527966 -0.17185 -0.98175 1.06833 -0.639699 0.707755 0.462508 0.682913 0.344584 -0.948668 0.010651 0.978088 1.0524 0.37608 1.77667 0.852596 0.743278 -0.139927 -0.228858 0.113559 1.99622 -0.996155 0.149235 -0.969481 -0.36906 -0.872005 -0.41142 -0.188269 -0.245155 0.607166 -0.241737 0.331095 0.0703452 
600 300 1141 253 91 434
0
50
1.27836 0.481979 0.587329 0.818232 -0.128391 0.302774 0.133091 1.30473 -0.42552 0.937162 -0.249794 -0.359905 -0.765313 -0.924924 0.668325 0.620106 0.814264 0.00527966 -0.17185 -0.98175 0.883602 -0.516526 0.707755 0.346721 -0.357158 0.344584 1.94867 -0.782098 0.70568 -0.0218207 0.141179 0.12598 -0.827693 1.47618 0.0729088 0.379498 0.819941 0.00686669 0.154759 -0.452193 -0.0835902 0.911069 1.5866 -0.951231 0.7528 0.372356 0.607166 -0.241737 0.331095 0.0703452 
600 300 1141 253 91 434
0
50
0.544176 -0.849544 0.934996 1.1774 -0.128391 0.302774 0.133091 -0.304727 0.0666219 -0.0284738 0.610889 -0.928953 -0.765313 0.0523392 -0.346965 -0.779473 -0.583911 0.448775 0.82461 1.49663 0.883602 -0.516526 -0.517747 -0.889401 0.529954 0.822749 0.099002 0.0288094 0.782159 0.540757 -0.491684 0.452864 0.450667 -0.207556 0.0729088 0.379498 0.819941 0.00686669 0.154759 -0.452193 -0.0835902 0.088931 1.5866 -0.951231 0.7528 0.372356 0.607166 -0.241737 0.331095 0.0703452 
600 300 1141 253 91 434
0
50
0.603015 0.706778 0.934996 -0.177404 -0.128391 0.302774 0.133091 1.30473 -0.42552 0.937162 -0.249794 -0.359905 -0.765313 -0.924924 0.668325 -0.779473 -0.583911 -0.483505 0.607959 0.913755 0.928343 0.246651 -0.0869473 -0.111423 -0.375652 -0.733818 0.354839 0.36198 0.29432 1.02182 0.858821 0.12598 -0.827693 1.47618 0.0729088 0.379498 0.819941 0.00686669 0.154759 -0.452193 -0.0835902 0.088931 -0.586596 -0.951231 0.7528 0.372356 0.757805 -0.228187 0.653981 0.533494 
600 300 1141 253 91 434
0
50
0.603015 0.706778 0.934996 1.1774 -0.128391 0.302774 0.133091 -0.304727 -0.481002 0.232032 -0.5056 0.872982 0.1301 0.0799279 1.34696 0.620106 0.814264 0.00527966 0.82461 -0.496628 0.883602 1.6397 0.707755 0.653279 -0.357158 0.655416 0.354839 0.122532 -0.539903 -0.498215 0.352763 0.452864 0.450667 -0.207556 0.0729088 0.379498 0.819941 0.00686669 0.154759 -0.452193 -0.0835902 0.911069 1.5866 -0.951231 0.7528 0.627644 0.607166 -0.241737 0.331095 0.0703452 
600 300 1141 253 91 434
0
50
0.603015 0.706778 0.934996 -0.177404 1.12839 0.302774 0.866909 0.958373 -0.42552 0.937162 -0.249794 1.3599 0.1301 0.0799279 1.34696 0.620106 0.814264 0.00527966 0.82461 -0.496628 0.883602 1.6397 0.707755 0.653279 -0.357158 0.344584 0.354839 0.122532 -0.539903 1.49821 0.352763 0.452864 -0.827693 1.47618 -0.364849 1.22886 0.369854 0.229225 0.730583 0.149235 -0.969481 0.088931 1.5866 1.95123 0.7528 0.372356 0.607166 1.24174 0.331095 0.0703452 
600 300 1141 253 91 434
0
50
0.241493 0.947752 -0.273049 0.818232 0.366131 -0.541246 -0.900327 -0.444258 -0.481002 0.232032 -0.5056 0.872982 -0.764885 -0.571398 -0.967101 -0.606006 0.814264 0.00527966 -0.17185 -0.98175 1.06833 1.6397 0.707755 0.653279 -0.357158 0.655416 0.354839 0.122532 -0.539903 1.49821 0.352763 0.452864 0.450667 -0.207556 0.0729088 0.379498 0.819941 0.00686669 0.154759 -0.452193 -0.0835902 0.911069 1.5866 1.95123 0.7528 0.627644 0.607166 -0.241737 0.331095 0.0703452 
600 300 1141 253 91 434
0
50
0.241493 0.947752 0.934996 -0.177404 -0.128391 0.302774 0.133091 -0.304727 0.0666219 0.0628376 0.393231 0.299905 -0.764885 -0.937864 -0.967101 0.935484 0.0276498 0.448775 0.82461 -0.496628 0.883602 -0.516526 -0.517747 -0.889401 0.529954 0.822749 0.099002 0.0288094 0.217841 0.540757 -0.491684 0.452864 0.450667 -0.207556 -0.364849 1.22886 0.369854 0.00686669 0.154759 -0.452193 -0.0835902 0.911069 1.5866 -0.951231 0.7528 0.627644 0.607166 -0.241737 0.331095 0.0703452 
600 300 1141 253 91 434
0
50
1.27836 0.481979 0.587329 0.818232 -0.128391 0.302774 0.133091 1.30473 -0.42552 0.937162 -0.249794 -0.359905 -0.765313 -0.924924 0.668325 -0.779473 -0.583911 0.448775 0.82461 1.49663 0.883602 -0.516526 -0.517747 -0.889401 0.529954 0.822749 0.099002 0.0288094 0.782159 0.540757 -0.491684 0.452864 0.450667 -0.207556 0.0729088 0.379498 0.819941 0.229225 0.730583 0.149235 -0.969481 0.088931 1.5866 1.95123 0.7528 0.372356 0.607166 1.24174 0.331095 0.939757 
600 300 1141 253 91 434
0
50
1.27836 0.481979 0.587329 0.818232 -0.128391 0.302774 0.133091 1.30473 -0.42552 0.937162 -0.249794 -0.359905 -0.765313 -0.924924 0.668325 -0.779473 -0.583911 0.448775 0.82461 -0.750053 1.06833 1.6397 0.707755 0.346721 -0.357158 0.344584 1.94867 1.7821 0.70568 -0.0218207 0.141179 0.12598 -0.827693 0.666494 -0.139927 -0.228858 0.819941 0.00686669 0.730583 0.850765 -0.969481 -0.36906 -0.872005 0.286843 -0.448408 0.91174 0.757805 -0.228187 -0.584887 0.939757 
600 300 1141 253 91 434
0
50
0.544176 -0.849544 0.934996 1.1774 -0.128391 0.302774 0.133091 -0.304727 0.0666219 -0.0284738 0.610889 -0.928953 -0.765313 0.0523392 -0.346965 0.620106 0.814264 0.00527966 -0.17185 1.49663 0.883602 -0.516526 -0.517747 -0.889401 0.529954 0.822749 0.099002 0.0288094 0.782159 0.540757 -0.491684 0.452864 0.450667 -0.207556 0.0729088 0.379498 0.819941 0.00686669 0.154759 -0.452193 -0.0835902 0.911069 1.5866 -0.951231 0.7528 0.627644 0.607166 -0.241737 0.331095 0.0703452 
600 300 1141 253 91 434
0
50
0.603015 0.706778 0.934996 -0.177404 -0.128391 0.302774 0.133091 1.30473 -0.42552 0.937162 -0.249794 -0.928953 -0.765313 0.0523392 -0.346965 0.620106 0.814264 0.00527966 -0.17185 -0.750053 1.06833 1.6397 0.707755 0.346721 -0.357158 0.344584 1.94867 1.7821 0.70568 -0.0218207 0.141179 0.12598 -0.827693 0.666494 -0.139927 -0.228858 0.819941 0.00686669 0.730583 0.850765 -0.969481 -0.36906 -0.872005 0.286843 -0.448408 0.91174 0.757805 -0.228187 -0.584887 0.0602435 
600 300 1141 253 91 434
0
50
0.758507 0.947752 -0.273049 0.818232 0.366131 -0.541246 -0.900327 1.44426 -0.481002 0.232032 -0.249794 1.3599 -0.764885 0.0523392 1.34696 0.620106 0.814264 0.00527966 -0.17185 -0.98175 1.06833 -0.639699 0.707755 0.462508 0.682913 0.344584 1.94867 -0.782098 0.70568 -0.0218207 0.141179 0.452864 0.450667 -0.207556 0.0729088 0.379498 0.819941 0.00686669 0.154759 -0.452193 -0.0835902 0.088931 1.5866 -0.951231 1.18827 -0.0522172 -0.737297 -0.688223 -0.584887 0.939757 
600 300 1141 253 91 434
0
50
-0.684561 -0.282632 0.998138 -0.303568 0.912778 -0.469222 0.828272 0.57326 -0.476058 -0.273537 0.393231 0.299905 0.886898 0.0799279 0.0545061 -0.722282 0.973754 0.448775 1.22849 -0.750053 0.928343 0.246651 -0.0869473 -0.111423 -0.375652 0.822749 0.099002 0.0288094 0.782159 0.540757 -0.491684 0.452864 0.450667 -0.207556 0.0729088 0.379498 0.819941 0.993133 0.154759 -0.452193 -0.0835902 0.911069 1.5866 -0.951231 0.7528 0.372356 0.607166 -0.241737 0.331095 0.0703452 
600 300 1141 253 91 434
0
50
0.603015 0.706778 0.934996 1.1774 -0.128391 0.302774 0.133091 -0.304727 0.0666219 -0.0284738 0.610889 -0.928953 -0.765313 0.0523392 0.916685 0.0334789 -0.254494 -0.0632648 -0.436934 -0.496628 1.06833 -0.639699 0.707755 0.346721 -0.357158 0.344584 -0.948668 1.7821 0.782159 0.540757 -0.491684 0.447493 0.494064 0.666494 -0.139927 -0.228858 0.819941 0.00686669 0.154759 -0.452193 1.08359 0.088931 1.5866 -0.951231 0.7528 0.372356 0.607166 -0.241737 0.331095 0.0703452 
600 300 1141 253 91 434
0
50
0.22956 0.893674 0.504074 0.133763 -0.128391 0.302774 0.866909 -0.304727 -0.42552 0.937162 -0.249794 -0.359905 -0.765313 -0.924924 0.668325 -0.779473 -0.583911 0.448775 0.82461 1.49663 0.883602 -0.516526 -0.517747 -0.889401 0.529954 -0.733818 0.354839 0.36198 0.29432 1.02182 0.858821 0.12598 -0.827693 1.47618 0.0729088 0.379498 0.819941 0.00686669 0.154759 -0.452193 -0.0835902 0.088931 1.5866 1.95123 0.7528 0.372356 0.607166 -0.241737 0.331095 0.0703452 
600 300 1141 253 91 434
0
50
0.241493 0.947752 0.934996 -0.177404 -0.128391 0.302774 0.133091 -0.304727 0.0666219 0.937162 -0.249794 1.3599 -0.765313 0.0799279 1.34696 0.379894 0.973754 0.448775 1.22849 -0.750053 1.06833 1.6397 0.707755 0.346721 -0.357158 0.344584 1.94867 -0.782098 0.70568 -0.0218207 0.141179 0.12598 -0.827693 0.666494 -0.139927 -0.228858 0.819941 0.229225 0.730583 0.850765 -0.969481 -0.36906 -0.872005 0.286843 -0.448408 0.0882596 0.242195 -0.228187 -0.584887 0.939757 
600 300 1141 253 91 434
0
50
1.27836 0.481979 0.587329 0.818232 -0.128391 0.302774 0.133091 -0.304727 -0.42552 0.937162 -0.249794 -0.359905 1.76531 -0.924924 1.34696 0.620106 0.814264 0.00527966 0.82461 -0.496628 0.883602 -0.516526 -0.713981 -0.111423 -0.375652 -0.733818 0.354839 -0.782098 0.70568 -0.0218207 0.858821 0.12598 -0.827693 0.666494 1.13993 -0.228858 0.819941 0.229225 0.154759 -0.452193 -0.0835902 0.911069 1.5866 0.286843 0.7528 0.372356 0.607166 -0.241737 0.331095 0.939757 
600 300 1141 253 91 434
0
50
0.241493 0.947752 1.27305 0.181768 0.366131 0.355083 -0.573351 -0.375774 -0.42552 0.0628376 -0.249794 -0.359905 -0.764885 -0.571398 0.916685 0.0334789 0.923093 1.06326 0.607959 0.913755 0.0716574 0.753349 -0.0869473 0.978027 -0.193701 0.0202338 0.429426 0.122532 0.70568 -0.0218207 0.141179 0.12598 -0.827693 1.47618 0.0729088 0.379498 0.819941 0.00686669 0.154759 -0.452193 -0.0835902 0.911069 1.5866 -0.951231 0.7528 0.372356 0.392834 -0.241737 -0.584887 0.939757 
600 300 1141 253 91 434
0
50
0.241493 0.947752 0.934996 -0.177404 -0.128391 0.302774 0.133091 -0.304727 0.933378 0.937162 0.393231 0.299905 -0.764885 -0.937864 -0.967101 0.935484 0.0276498 0.448775 0.82461 -0.496628 0.883602 -0.516526 -0.517747 -0.889401 0.529954 0.822749 0.099002 0.0288094 0.29432 -0.0218207 0.858821 0.12598 -0.827693 1.47618 0.0729088 0.379498 0.180059 0.00686669 0.730583 0.850765 -0.969481 -0.36906 -0.872005 0.713157 0.725547 0.680654 0.509751 -0.688223 0.653981 0.533494 
600 300 1141 253 91 434
0
50
0.241493 0.947752 0.934996 -0.177404 -0.128391 0.302774 0.133091 -0.304727 0.0666219 0.232032 -0.5056 0.127018 0.1301 0.511277 -0.967101 0.0334789 0.923093 1.06326 0.607959 0.913755 0.928343 0.753349 -0.0869473 0.978027 1.1937 -0.713981 -0.150182 -0.782098 0.217841 0.540757 -0.491684 0.452864 0.450667 -0.207556 -0.364849 1.22886 0.369854 0.229225 0.730583 0.149235 -0.969481 0.088931 1.5866 1.95123 0.7528 0.372356 0.607166 1.24174 0.331095 0.939757 
600 300 1141 253 91 434
0
50
0.22956 0.893674 0.504074 0.133763 -0.128391 0.302774 0.866909 -0.304727 -0.42552 0.937162 -0.249794 1.3599 -0.764885 0.0523392 1.34696 0.620106 0.814264 0.00527966 -0.17185 -0.98175 1.06833 -0.639699 0.707755 0.462508 0.317087 0.344584 1.94867 -0.782098 0.70568 -0.0218207 0.858821 0.452864 0.450667 -0.207556 0.0729088 0.379498 0.819941 0.00686669 0.154759 -0.452193 -0.969481 0.54912 -0.07004 0.121006 0.725547 0.680654 0.509751 -0.688223 0.653981 0.533494 
600 300 1141 253 91 434
0
50
0.603015 0.706778 0.934996 -0.177404 -0.128391 0.302774 0.133091 1.30473 -0.42552 0.937162 -0.249794 -0.359905 -0.764885 -0.571398 0.916685 0.0334789 0.923093 1.06326 0.607959 0.913755 0.0716574 0.753349 -0.0869473 0.978027 0.682913 0.344584 1.94867 -0.782098 0.70568 -0.0218207 0.858821 0.452864 0.450667 -0.207556 0.0729088 0.379498 0.819941 0.00686669 0.154759 -0.452193 -0.969481 0.54912 -0.07004 0.121006 0.725547 0.680654 0.509751 -0.688223 0.653981 0.533494 
600 300 1141 253 91 434
0
50
0.22956 0.893674 0.504074 0.133763 1.34227 0.302774 0.133091 -0.304727 -0.42552 0.937162 -0.249794 -0.359905 -0.764885 -0.571398 -0.967101 -0.722282 0.923093 1.06326 0.607959 -0.750053 1.06833 1.6397 0.707755 0.346721 -0.357158 0.655416 0.354839 0.122532 -0.539903 -0.498215 0.352763 0.452864 0.450667 -0.207556 0.0729088 0.379498 0.819941 0.00686669 0.154759 -0.452193 -0.0835902 0.911069 1.5866 -0.951231 0.2472 0.372356 0.607166 -0.241737 0.331095 0.0703452 
600 300 1141 253 91 434
0
50
0.544176 -0.849544 0.934996 1.1774 -0.128391 0.302774 0.133091 -0.304727 0.0666219 -0.0284738 0.610889 -0.928953 -0.765313 0.0523392 -0.346965 0.620106 0.814264 0.00527966 -0.17185 -0.98175 0.883602 -0.516526 0.707755 0.346721 -0.357158 0.344584 1.94867 -0.782098 0.70568 -0.0218207 0.141179 0.12598 -0.827693 1.47618 0.0729088 0.379498 0.819941 0.00686669 0.154759 -0.452193 -0.0835902 0.911069 1.5866 -0.951231 0.7528 0.627644 0.607166 -0.241737 0.331095 0.0703452 
600 300 1141 253 91 434
0
50
-0.278359 0.481979 0.587329 0.818232 -0.128391 0.302774 0.866909 -0.304727 -0.42552 1.27354 0.606769 -0.359905 0.886898 1.92492 0.668325 1.77947 -0.583911 0.448775 -0.436934 -0.496628 0.116398 0.146428 0.470748 0.462508 0.682913 0.257973 1.94867 -0.782098 0.29432 -0.0218208 0.858821 0.12598 -0.827693 1.47618 0.0729088 0.379498 0.819941 0.00686669 0.154759 -0.452193 -0.0835902 0.088931 1.5866 -0.951231 0.7528 0.372356 0.607166 -0.241737 0.331095 0.0703452 
600 300 1141 253 91 434
0
50
0.603015 0.706778 0.934996 -0.177404 1.12839 0.302774 0.866909 0.958373 -0.42552 0.0628376 -0.249794 -0.359905 -0.765313 -0.924924 0.331675 -0.779473 -0.583911 -0.483505 0.607959 0.913755 0.928343 0.246651 -0.0869473 -0.111423 -0.375652 -0.733818 0.354839 0.36198 0.70568 -0.0218207 0.858821 0.547136 0.852596 0.743278 -0.139927 -0.228858 0.180059 0.229225 0.154759 -0.452193 -0.0835902 0.911069 -0.872005 0.286843 -0.448408 0.0882596 0.242195 -0.241737 0.331095 0.0703452 
600 300 1141 253 91 434
0
50
0.603015 0.706778 0.934996 1.1774 -0.128391 0.302774 0.133091 -0.304727 0.0666219 -0.0284738 0.610889 -0.928953 -0.765313 0.0523392 0.916685 0.0334789 -0.254494 1.06326 -0.436934 -0.496628 1.06833 -0.639699 0.707755 0.346721 -0.357158 0.344584 -0.948668 1.7821 0.782159 0.540757 -0.491684 0.447493 0.494064 0.666494 -0.139927 -0.228858 0.819941 0.00686669 0.154759 -0.452193 1.08359 0.088931 1.5866 -0.951231 0.7528 0.627644 0.607166 -0.241737 -0.584887 0.939757 
600 300 1141 253 91 434
0
50
0.603015 0.706778 0.934996 1.1774 -0.128391 0.697226 0.133091 -0.304727 0.933378 0.937162 0.393231 0.299905 -0.764885 -0.937864 -0.967101 0.935484 0.0276498 0.448775 0.82461 -0.496628 0.883602 -0.516526 -0.517747 -0.889401 0.529954 0.822749 0.099002 0.0288094 0.217841 0.540757 -0.491684 0.452864 0.450667 -0.207556 0.0729088 0.379498 0.819941 0.00686669 0.154759 -0.452193 1.08359 0.911069 1.5866 -0.951231 0.7528 0.372356 0.607166 -0.241737 0.331095 0.0703452 
600 300 1141 253 91 434
0
50
0.241493 0.947752 0.934996 -0.177404 -0.128391 0.302774 0.133091 -0.304727 0.0666219 0.232032 -0.5056 0.872982 0.1301 0.511277 -0.967101 0.0334789 0.923093 1.06326 0.607959 0.913755 0.928343 0.753349 -0.0869473 0.978027 1.1937 -0.713981 -0.150182 -0.782098 0.29432 -0.0218207 0.858821 0.12598 -0.827693 1.47618 0.0729088 0.379498 0.180059 0.00686669 0.154759 -0.452193 -0.0835902 0.088931 1.5866 -0.951231 1.18827 -0.0522172 -0.737297 -0.241737 0.331095 0.929655 
600 300 1141 253 91 434
0
50
-0.278359 -0.282632 0.934996 -0.177404 -0.128391 -0.356731 0.937254 0.958373 -0.42552 0.937162 -0.249794 -0.928953 -0.765313 0.0523392 1.34696 -0.722282 0.543931 -0.293252 0.82461 -0.496628 0.883602 -0.516526 -0.517746 1.8894 0.529954 0.822749 0.099002 0.0288094 0.782159 0.540757 -0.491684 0.452864 0.450667 1.20756 0.0729088 0.379498 0.819941 0.00686669 0.730583 0.850765 -0.969481 -0.36906 -0.872005 0.713157 0.725547 0.680654 0.509751 -0.688223 0.653981 0.533494 
600 300 1141 253 91 434
0
50
1.27836 0.481979 0.587329 0.818232 -0.128391 0.302774 0.133091 1.30473 -0.42552 0.937162 0.393231 0.299905 -0.764885 -0.937864 -0.967101 0.935484 0.0276498 0.448775 0.82461 -0.496628 0.883602 -0.516526 -0.517747 -0.889401 0.529954 0.822749 0.099002 0.36198 0.29432 1.02182 0.858821 0.12598 -0.827693 1.47618 0.0729088 0.379498 0.819941 0.00686669 0.154759 -0.452193 -0.0835902 0.088931 1.5866 -0.951231 0.7528 0.372356 0.607166 -0.241737 0.331095 0.533494 
600 300 1141 253 91 434
0
50
0.241493 0.947752 1.27305 0.181768 0.366131 0.355083 -0.573351 -0.304727 0.0666219 -0.0284738 0.610889 1.3599 -0.764885 0.0523392 1.34696 0.620106 0.814264 0.00527966 -0.17185 -0.98175 1.06833 -0.639699 0.707755 0.462508 0.682913 0.344584 1.94867 -0.782098 0.70568 -0.0218207 0.858821 0.452864 0.450667 -0.207556 0.0729088 0.379498 0.180059 0.00686669 0.154759 -0.452193 -0.969481 0.54912 -0.07004 0.121006 0.725547 0.680654 0.509751 -0.688223 0.653981 0.0703452 
600 300 1141 253 91 434
0
50
0.603015 0.481979 0.587329 0.818232 0.366131 0.355083 -0.573351 -0.375774 -0.42552 0.937162 -0.249794 -0.359905 -0.765313 -0.924924 0.668325 -0.606006 0.814264 0.00527966 -0.17185 -0.98175 1.06833 1.6397 0.707755 0.653279 -0.357158 0.655416 0.354839 0.122532 -0.539903 1.49821 0.352763 0.452864 0.450667 -0.207556 0.0729088 0.379498 0.819941 0.00686669 0.154759 -0.452193 -0.0835902 0.911069 1.5866 1.95123 0.7528 0.627644 0.607166 -0.241737 0.331095 0.0703452 
600 300 1141 253 91 434
0
50
0.22956 0.893674 0.504074 0.133763 1.34227 0.302774 0.133091 -0.304727 -0.42552 0.937162 -0.249794 1.3599 -0.764885 -0.571398 -0.967101 -0.722282 0.973754 0.448775 1.22849 -0.750053 1.06833 1.6397 0.707755 0.346721 -0.357158 0.344584 1.94867 1.7821 0.70568 -0.0218207 0.352763 0.452864 0.450667 1.20756 0.0729088 -0.228858 0.518845 0.417524 0.730583 0.850765 -0.969481 -0.36906 -0.872005 1.95123 0.2472 0.0882596 0.757805 -0.228187 -0.584887 0.939757 
600 300 1141 253 91 434
0
50
0.603015 0.706778 0.934996 1.1774 1.12839 0.302774 0.133091 -0.304727 0.0666219 -0.0284738 0.610889 -0.928953 -0.765313 0.0523392 0.916685 0.0334789 -0.254494 -0.0632648 -0.436934 -0.496628 1.06833 -0.639699 0.707755 0.346721 -0.357158 0.344584 -0.948668 1.7821 0.782159 0.540757 -0.491684 0.447493 0.494064 0.666494 -0.139927 -0.228858 0.819941 0.00686669 0.154759 -0.452193 1.08359 0.088931 1.5866 -0.951231 0.7528 0.372356 0.607166 -0.241737 0.331095 0.0703452 
600 300 1141 253 91 434
0
50
-0.278359 0.481979 0.587329 0.818232 -0.128391 0.302774 0.866909 -0.304727 -0.42552 1.27354 0.606769 -0.359905 0.886898 1.92492 0.668325 1.77947 -0.583911 0.448775 -0.436934 -0.496628 0.116398 0.146428 0.470748 0.462508 0.682913 0.257973 1.94867 -0.782098 0.70568 -0.0218207 0.858821 0.547136 0.852596 0.743278 -0.139927 -0.228858 0.180059 0.229225 0.154759 -0.452193 -0.0835902 0.911069 -0.872005 0.286843 -0.448408 0.0882596 0.242195 -0.241737 0.331095 0.0703452 
600 300 1141 253 91 434
